3 0.7535277777777777 0.4417685185185185 0.08658333333333322 0.12262962962962969
3 0.5249236111111111 0.4048425925925926 0.03770138888888886 0.08951851851851858
3 0.22949305555555558 0.4469074074074075 0.08850694444444447 0.20698148148148146
3 0.02271527777777778 0.38951851851851854 0.036069444444444446 0.09961111111111115
2 0.43804166666666666 0.39681481481481484 0.14917361111111108 0.09837037037037037
2 0.1299861111111111 0.3722407407407407 0.08306250000000001 0.0714259259259259
2 0.23491666666666663 0.3734166666666667 0.08459027777777774 0.06083333333333338
5 0.3183958333333333 0.36827777777777776 0.10433333333333333 0.08758333333333336
3 0.18400694444444446 0.3676574074074074 0.017493055555555595 0.0456111111111111
5 0.7845972222222222 0.407712962962963 0.2909097222222221 0.1794259259259259
2 0.9076388888888889 0.4736111111111111 0.18472222222222223 0.1398148148148148