3 0.9105416666666667 0.4617222222222223 0.10893749999999992 0.14031481481481478
3 0.7608611111111112 0.44136111111111115 0.08735416666666664 0.10700000000000005
2 0.5736041666666667 0.40679629629629627 0.1933888888888889 0.12675925925925924
2 0.31829861111111113 0.37707407407407406 0.10222916666666669 0.07101851851851856
3 0.09169444444444444 0.39908333333333335 0.04624305555555554 0.12984259259259262
3 0.4288611111111111 0.39183333333333337 0.036375000000000074 0.07543518518518522
3 0.39279166666666665 0.38807407407407407 0.02673611111111111 0.06237037037037038
3 0.19970833333333332 0.3700277777777778 0.0225208333333333 0.04293518518518519
4 0.16470833333333335 0.36112962962962963 0.05529166666666667 0.05662037037037035
4 0.11444444444444445 0.3574259259259259 0.03393055555555557 0.045509259259259235
4 0.058854166666666666 0.3502777777777778 0.032472222222222215 0.033064814814814845