2 0.9440069444444443 0.4585370370370371 0.11198611111111126 0.1672685185185186
2 0.8414861111111112 0.44094444444444447 0.1513819444444446 0.12838888888888897
3 0.6146527777777778 0.4164629629629629 0.058826388888888914 0.08684259259259255
3 0.5244583333333334 0.40278703703703705 0.04788194444444448 0.08540740740740742
3 0.3324166666666667 0.37687037037037036 0.02769444444444444 0.06319444444444444
2 0.4314861111111111 0.39805555555555555 0.12582638888888892 0.09075925925925925
2 0.25001388888888887 0.37419444444444444 0.09066666666666663 0.07265740740740743
2 0.1703125 0.36400925925925925 0.061819444444444434 0.056000000000000015
4 0.06547222222222222 0.35133333333333333 0.032256944444444435 0.03536111111111106
4 0.09868055555555555 0.35675 0.0441875 0.04193518518518515
4 0.020694444444444446 0.34741666666666665 0.029236111111111112 0.028953703703703686
3 0.041826388888888885 0.3484074074074074 0.009534722222222226 0.02381481481481484