3 0.5538541666666666 0.40679629629629627 0.05389583333333326 0.08973148148148145
3 0.35062499999999996 0.38663888888888887 0.025222222222222177 0.06422222222222224
3 0.3287152777777778 0.3806759259259259 0.025840277777777802 0.05969444444444447
3 0.2760972222222222 0.3759444444444444 0.026159722222222195 0.0650462962962963
3 0.11684722222222221 0.37830555555555556 0.029881944444444426 0.0808888888888889
3 0.009576388888888888 0.3634907407407407 0.019152777777777776 0.07349074074074075
3 0.24368750000000003 0.3725462962962963 0.0169027777777778 0.04714814814814811
5 0.13914583333333333 0.34878703703703706 0.07170138888888888 0.06999074074074077
2 0.19161111111111112 0.36565740740740743 0.03774305555555557 0.04448148148148145
2 0.09053472222222222 0.35176851851851854 0.03004166666666666 0.03522222222222219
2 0.04022916666666666 0.34498148148148144 0.03498611111111112 0.03646296296296296
2 0.06762499999999999 0.35732407407407407 0.020326388888888897 0.024111111111111076