3 0.8752604166666667 0.8946759259259259 0.200109375 0.21064814814814814
3 0.626625 0.8275462962962963 0.04918750000000003 0.12268518518518519
3 0.5810625 0.8032407407407407 0.03618750000000001 0.10185185185185185
3 0.50815625 0.8194444444444444 0.044026041666666654 0.10185185185185185
3 0.43330208333333337 0.7928240740740741 0.024526041666666623 0.09027777777777778
3 0.37277083333333333 0.7743055555555556 0.015437500000000052 0.0625
3 0.35323958333333333 0.78125 0.01804687500000005 0.06712962962962964
3 0.33241145833333335 0.7685185185185185 0.020656250000000043 0.06944444444444445
3 0.29986979166666666 0.8113425925925926 0.028802083333333308 0.11342592592592593
3 0.26731770833333335 0.8020833333333334 0.031098958333333353 0.11342592592592593
3 0.220453125 0.8148148148148148 0.02851041666666667 0.12037037037037036