3 0.5405885416666667 0.8892777777777778 0.1308958333333334 0.21064814814814814
3 0.48113541666666665 0.8236851851851852 0.04151041666666669 0.11960185185185192
3 0.81746875 0.8229166666666666 0.06833854166666668 0.1736111111111111
3 0.31882812499999996 0.7658148148148148 0.02245312499999995 0.0625
3 0.24461979166666667 0.7781666666666667 0.03375520833333336 0.06558333333333327
3 0.13699479166666664 0.761962962962963 0.01989062500000003 0.06712962962962964
3 0.27152604166666666 0.7874259259259259 0.018124999999999978 0.10571296296296304
2 0.184296875 0.7750740740740741 0.04157812500000002 0.0871944444444445
2 0.691171875 0.8321759259259259 0.15950000000000011 0.21682407407407414
0 0.5154166666666666 0.7650462962962963 0.09791666666666667 0.11034259259259266
4 0.3661302083333334 0.7789351851851852 0.06323437500000004 0.11960185185185192
0 0.10705208333333333 0.7635000000000001 0.01903125000000001 0.054787037037037106