3 0.8616041666666666 0.8356481481481481 0.09206249999999988 0.18981481481481483
3 0.26341145833333335 0.8379629629629629 0.03370312500000002 0.16203703703703703
3 0.41442708333333333 0.7905092592592593 0.018026041666666614 0.08564814814814815
3 0.3604010416666667 0.7928240740740741 0.019343750000000052 0.07175925925925926
3 0.5381041666666667 0.8067129629629629 0.025786458333333446 0.09027777777777778
3 0.5797552083333334 0.8842592592592593 0.10128125000000002 0.23148148148148148
3 0.6773906249999999 0.8773148148148148 0.09603645833333327 0.2361111111111111
2 0.30051041666666667 0.8113425925925926 0.07404687500000004 0.12731481481481483
2 0.6279166666666666 0.8217592592592593 0.14552604166666658 0.1712962962962963
0 0.9442447916666666 0.8229166666666666 0.11151041666666663 0.2152777777777778
3 0.1931145833333333 0.7615740740740741 0.015505208333333324 0.05092592592592592
3 0.15145833333333333 0.7638888888888888 0.01552083333333331 0.05555555555555555