3 0.16172916666666665 0.7866481481481482 0.036380208333333344 0.1010833333333334
3 0.12397395833333333 0.7642777777777777 0.018161458333333335 0.0625
3 0.40692708333333333 0.7897407407407407 0.03545312499999997 0.09799074074074067
3 0.4607395833333333 0.7858796296296297 0.03196875000000006 0.09953703703703703
3 0.5063072916666667 0.8329444444444445 0.043239583333333324 0.19984259259259252
2 0.7124270833333333 0.8422037037037037 0.34263541666666675 0.30787037037037035
2 0.29366145833333335 0.7696759259259259 0.03808333333333339 0.0763888888888889
0 0.3205677083333333 0.7557870370370371 0.03113541666666665 0.0702129629629629
4 0.24809374999999997 0.751925925925926 0.02507291666666666 0.04089814814814822
3 0.20165625 0.8792407407407409 0.060666666666666674 0.15354629629629624
3 0.26761979166666666 0.8175185185185185 0.034619791666666684 0.08256481481481488
2 0.36353125000000003 0.7581018518518519 0.03893229166666667 0.07175925925925926