3 0.2771354166666667 0.8226666666666667 0.05994791666666662 0.14327777777777778
3 0.32534375 0.8190555555555556 0.03894791666666665 0.13502777777777772
3 0.3652708333333334 0.8391203703703703 0.03373437499999999 0.16280555555555548
3 0.15913020833333333 0.7766203703703703 0.03118229166666667 0.07793518518518525
3 0.18907812499999999 0.7743055555555556 0.025098958333333362 0.09490740740740741
3 0.415609375 0.7866481481481482 0.03372395833333333 0.11034259259259266
3 0.4455572916666667 0.78125 0.029375000000000047 0.12731481481481483
3 0.4958958333333333 0.8198333333333333 0.05366666666666665 0.1334907407407408
3 0.6885781249999999 0.8275462962962963 0.06230208333333328 0.17052777777777783
3 0.6243489583333334 0.9166666666666666 0.11439583333333327 0.16666666666666666
3 0.9437604166666667 0.8198333333333333 0.03967187500000004 0.17052777777777783
3 0.9674479166666666 0.8856481481481482 0.06510416666666667 0.22870370370370371