2 0.2749947916666667 0.7974537037037037 0.07367187500000003 0.11034259259259266
3 0.16477083333333334 0.7689074074074074 0.023359375000000012 0.056324074074074006
3 0.141765625 0.8607222222222223 0.06936458333333331 0.1658981481481482
3 0.20252604166666668 0.8152037037037037 0.027687499999999983 0.09953703703703703
3 0.34139583333333334 0.8298611111111112 0.04674999999999999 0.13502777777777772
3 0.407359375 0.8591851851851853 0.07103124999999993 0.19675925925925927
3 0.4815729166666667 0.7943703703703703 0.03717187500000006 0.09799074074074067
3 0.528875 0.7928240740740741 0.05017708333333341 0.10724999999999993
3 0.5249635416666666 0.9209074074074075 0.09270833333333334 0.15354629629629624
3 0.8487083333333333 0.9166666666666666 0.12388020833333328 0.16666666666666666
2 0.36309375 0.7565555555555556 0.04674479166666667 0.05015740740740748