3 0.15955729166666668 0.8722962962962962 0.08238020833333332 0.1797870370370371
3 0.29365625 0.8321759259259259 0.048500000000000064 0.13965740740740734
3 0.42862500000000003 0.8661296296296295 0.08578645833333336 0.24460185185185193
3 0.53625 0.874611111111111 0.06493229166666671 0.20293518518518525
3 0.6213072916666668 0.885027777777778 0.0805364583333334 0.22993518518518513
3 0.6924791666666666 0.8175185185185185 0.06663020833333325 0.16898148148148148
3 0.3600572916666666 0.7781666666666667 0.023312499999999996 0.07175925925925926
3 0.17475 0.7820185185185186 0.02769791666666664 0.09182407407407414
3 0.12744791666666666 0.7827962962962962 0.02510416666666669 0.08101851851851852
3 0.25286458333333334 0.814425925925926 0.024203125000000013 0.1010833333333334
2 0.245484375 0.7642777777777777 0.061531249999999996 0.1026203703703703