3 0.8863333333333333 0.8518518518518519 0.11548437500000001 0.21296296296296297
3 0.631828125 0.8888888888888888 0.11167708333333337 0.2222222222222222
3 0.7242604166666666 0.8148148148148148 0.059567708333333275 0.125
3 0.6630729166666666 0.8379629629629629 0.05958854166666659 0.14351851851851852
3 0.49513541666666666 0.8715277777777778 0.07267187499999998 0.1875
3 0.4118229166666667 0.8761574074074074 0.051874999999999956 0.17824074074074073
3 0.4040104166666667 0.7928240740740741 0.02063020833333328 0.0763888888888889
3 0.3682135416666667 0.7777777777777778 0.019343750000000052 0.06018518518518518
3 0.32004166666666667 0.7731481481481481 0.019359375000000036 0.046296296296296294
3 0.22956770833333331 0.7870370370370371 0.018093750000000006 0.0787037037037037
3 0.18075000000000002 0.7870370370370371 0.01420312499999999 0.0787037037037037
3 0.21784895833333331 0.78125 0.015494791666666667 0.0763888888888889